# Created by Octave 4.0.2, Mon May 23 14:39:14 2016 CEST <barbie@bigsparkle>
# name: x
# type: matrix
# rows: 38
# columns: 1
 0.237537115174246
 0.2265979059228
 0.217221440850133
 0.185966557274574
 0.118768557587123
 0.0625097671511174
 0.0515705578996718
 0.118768557587123
 0.173464603844351
 0.228160650101578
 0.307860603219253
 0.329739021722144
 0.276605719643694
 0.246913580246914
 0.296921393967807
 0.337552742616034
 0.37037037037037
 0.41568995155493
 0.454758556024379
 0.465697765275824
 0.482887951242382
 0.515705578996718
 0.550085950929833
 0.5391467416783871
 0.532895764963276
 0.550085950929833
 0.642287857477731
 0.700109392092514
 0.768870135958744
 0.751679949992186
 0.712611345522738
 0.671979996874512
 0.692295671198625
 0.7938740428191901
 0.912642600406314
 0.882950461009533
 0.814189717143304
 0.7907485544616349


# name: y
# type: matrix
# rows: 38
# columns: 1
 0.0354240466763909
 0.150031256511773
 0.231298187122317
 0.302146280475099
 0.395915815794957
 0.5417795374036261
 0.652219212335903
 0.608460095853303
 0.514690560533444
 0.418837257762034
 0.343821629506147
 0.470931444050844
 0.685559491560742
 0.846009585330277
 0.896020004167535
 0.773077724525943
 0.587622421337779
 0.435507397374453
 0.500104188372578
 0.704313398624713
 0.937695353198583
 0.973119399874974
 0.879349864555116
 0.695978328818504
 0.49385288601792
 0.408418420504272
 0.568868514273807
 0.773077724525943
 0.837674515524067
 0.660554282142113
 0.506355490727235
 0.3459053969577
 0.143779954157116
 0.264638466347156
 0.352156699312357
 0.218795582413003
 0.09376953531985829
 0.0270889768701813


